PAG!

A.
,16600 60 20000106 ....................................... 8
01660ῐί001110 .......................................... 44

Abbny 01 2001ογ ..................................... 28
016600601110νο110,..............,.,.. . 4

116606 0001 Conveni oi Paula ...................... 611 ¹

Α1010100011001ι,Αι6ι·066, 01060οο66 ............... 30, 39
01610600. 1611310101, bischop 01 ..................... 49
Α100006000 11006,..,...... 154, 189, 212. 229, 232. 211
0160οἑ060ιί0 from kirk 60 60 00000606 100 006 83
ne< ................................................... 1
0110023316ιο, 6000103600006, 100 60010 ............. 263
01110 ................. . ................................... 4
Aoi, 0600100100 01 Mn. T. 6011, 600110 1100600... 259
Aci, 0600100100 01 Sir 601000 6001010 00 6600111
900010 01 11001000, 006 1101110 01 660
11030116, 01 Ρο1010, .......................... 250
Action 01 11011100 and Commnnity 01 11001000
0301006 660 1101110 01 660 016606 01 201010307 q
Aci 01 proper confession ....................... . ...... 256
Act Fork against Cnninghnuie, ..................... 257
Act 0000000103 0016 60000160 00006 60 execu-
6100, 274, 0111, 246, 269, 285, 0111 and
60016 ................................................ 237
Aci 00006 0111. 246, 269, 265, 0111 006 60016.
237, 0111, brein 006 0006111, 221 , 000000-
103 6601110106οι 01 Work. 275, 60000010,
0100000010 006 blasphemari oi God’n 60110
01οι00, 269, 613310 01 60100300, 268,
60016, 269, 60016, 0111006 0006111, 292 , 660
1101630 06 12010103, 87, 1000300000 60011103
1016600 61010 11003 0, 243, ’6003000 making.
245, burgenses 60 60 0000616, 167, bying
01 vivers 601010 tynio 01 mercat 0011000·
06110, 239, 000610, 256, 000610 aud 11066,
269, carrying 01 ky loun 60 66010 pastura
1111111111 ‘'33¹2'‘1⁰¹¹’0.¹u⁹i’0³233⁸‘³fii
0060080101 60000000, 2711, common 1006,
186, 00000000 1006 10 1106000 60060,
180, common work. 275, complaints
made 10 1100 Μο101οι· 01 Ρο101ογ, 172,
00000011000, 286, 00006100 01 1100300 00000
6601010660010 60103 000 611 600300ιί0, 299,
6106001600103 01066οιιο 006 60111006 01
6100006 tynio, 221, 610060610060 60 660

ι
1
Ι

ΡΑῦΙ

61010, 287, <inobedienta 60 Magistrum,
287, «110060610οι personnis being 0600316
10 ward, 232, 01006100 01 30106000. 261,
0060, 6ο 1ιο10103 01 660 Ροι6ιι, 254, 100103
0160060, 2611 ; 110060 63103 60 60060000 6ο
06600110060000, 230, 11006000, 186, 267,
1001010, 209, 244, 101010 3060100103 upon
660 common, 172, 660 60110030010, 162,
3016600103 01 00100)1 0601010, 253, 30006103
0016 60 660 play, 287, 30160 puniit, 235,
60016103 01 ky upon 660 common 1006
from Βο16000, 172, 60000 being 100610
06600 60660016 orlon· 10 660 common or in
fnryiu 00 dyk 6010, 172, 11000103 61ιο
burgh 1000 10000160 0006, 268, 10010103 01
000 006 000000, 278, 6010103 101010, 266,
1010110000, 001000

¹ 60)·0, 269, 660 1003 60106 01 66000000010

11000, 269, 1000000 1011ιο, 244, 0001060010
01 1000010214, malt, 217, 285, 0000010030 ”
01 wives, 259, 0000000103 01 11006000 006
01016000, 270, 000111 0011103, 244, marchand
60010, 259, 000000000, 0106101100 006 060130,
238 , 1016610310 01 1161010, 254 , 001100060010
nnn 11 ,0111110101
ber 01 1,,262, 0000000000010 006 010310
000000, 286, 3000600103 6000, 261, puy·
nient 00010103 60 160 11010110 01 6101000100,
246, 0016 060111οι0 00611106, 232, persons
61006 60016 mair common 10001 than fyve
00160, 243, personis 00 600 00 30160 pun·
60610, 1911, personis 6606 10 tymu 01
00161030 0100 00000616 06, 244, 30000010
1606 01101110 00010100 100 660 hir ‚ 182,

” 660 Ρο06, 248, 2114, 265, ,001061030130160

inni 3010, 255, 0006000, 278, py 000,
215, 006 01 600000, 254, 0066103 160 Mon

66000, 183, 0001300ιί00 01 common 1006,
13, 013103 6000102411, 0010103 660 ouu-
6101001 660 6013, 251 ,6010103 and 0066103
01 6600006000 01 660 Trono, 060.. 251,
0030103 01 660 30000 0010006 660 16013 01
60030060, 262, 0000103116. Rock'n 60011,
262, 0010000 600000, 119, 006οἰ0103
0660110 01001030οι0, 262, 0011103 01 0111,

 

